-49.804520
-4.007825
1.897043
0.569303
6.435019
4.747948
2.069760
1.457354
0.781957
14.016421
2.746814
0.745923
-0.270341
1.120955
10.720042
-0.688015
0.293192
0.235884
2.223491
3.216570
4.436516
-0.752891
-0.497360
-1.014118
-0.189744
-0.870430
-1.212542
-0.529421
-0.499205
-0.851591
-0.683466
-2.198782
-1.373603
-1.741294
-1.068505
-5.120359
-4.107154
-2.743456
-2.767933
-2.715448
-2.743150
-2.045054
-1.692170
-2.918220
-1.188187
-1.062094
-2.073319
-6.915124
-5.248898
-4.087034
-5.575367
-5.217699
-3.147162
-0.691384
-2.841937
-1.532210
-1.827836
-1.020834
-0.842938
-0.425023
-0.686134
-0.688622
2.842757
-1.041236
-0.892674
-1.445939
-0.558374
-1.234996
-0.898914
-0.901707
3.559908
-0.561286
-0.569904
-2.264031
-0.729304
-0.905076
-3.223108
-0.906310
-2.831170
-0.571845
0.050515
-0.734061
-0.994731
-0.575313
-0.572917
-0.938712
-0.748081
-2.730809
1.236172
-1.380463
-5.738255
-1.942826
-0.750969
-0.752167
-1.262776
-2.138529
-0.919520
-0.920932
-1.951697
-0.767221
-2.941442
-0.941520
-2.491529
-0.759999
-8.756406
-0.762108
-0.771852
-7.199652
-0.933592
-0.942452
-8.551201
-12.394733
-0.994558
-17.753665
-1.459136
-25.539434
-24.620875
-1.109594
-0.787612
-1.110952
-28.580772
-1.098578
-0.988086
-0.914166
-0.949965
-1.091858
-0.997554
-11.425761
-0.953003
-1.998822
-12.104611
-0.958301
-2.320052
-1.103254
-12.061871
-5.816297
-1.957251
-2.787440
-4.289707
-8.638752
-2.939123
-8.636111
-8.078251
-11.552508
-8.809147
-4.606076
-9.290745
-3.928406
-11.800663
-11.815104
-14.460551
-3.955741
-3.793907
-4.623312
-2.103084
-4.968116
-13.127377
-4.283284
-14.979356
-20.536449
-17.840133
-11.336461
-18.672619
-10.495411
-15.820241
-12.776806
-11.822373
-17.434110
-9.520785
-1.803081
-19.872195
-21.530640
-21.718260
-1.995214
-1.152457
-4.846915
-33.452850
-0.992963
-6.198962
-39.654098
-10.542420
-32.802412
-30.968485
-12.547202
-8.203801
-10.873259
-8.540688
-32.975896
-1.333497
-33.124069
-13.541548
-2.168726
-34.133502
-0.791205
-24.237837
-1.658516
-4.017828
-6.699568
-1.659038
-13.710356
-38.496237
-5.350477
-15.666257
-1.651819
-12.193426
-4.328937
-3.303442
-2.317245
-40.335233
-29.110516
-2.115191
-30.110768
-32.117628
-3.436065
-25.911644
-17.461671
-0.870160
-15.457466
-4.381270
-0.655849
-0.667664
-13.600841
-0.709254
-0.681014
-14.939687
-0.689560
-0.013935
-0.685574
-0.858499
-0.729983
-6.909575
-0.695711
-7.684619
-6.126944
-5.654511
-0.688772
-0.690399
-0.686318
-4.262791
-1.949205
-0.692333
-1.966535
-0.693001
-1.218038
-0.686450
-0.690325
-1.935856
-5.867416
-0.691734
-5.132430
