-14941.356056
-633.236421
85.366913
61.484690
96.525287
94.958965
88.999690
77.239775
71.940068
98.114947
90.644847
73.846376
-81.102203
75.103993
96.480377
-206.404560
41.926477
38.685054
86.716134
90.063957
93.166846
-225.867431
-149.207908
-304.235406
-36.620600
-261.129087
-363.762451
-158.826317
-149.761545
-255.477307
-205.039722
-659.634694
-412.080900
-522.388068
-320.551554
-1536.107698
-1232.146265
-823.036839
-830.379871
-814.634308
-822.944882
-613.516234
-507.651025
-875.465957
-356.456158
-318.628155
-621.995553
-2074.537217
-1574.669270
-1226.110115
-1672.610101
-1565.309755
-944.148507
-207.415245
-852.581213
-459.663030
-548.350788
-306.250094
-252.881352
-22.526210
-205.840091
-206.586716
88.125475
-312.370802
-267.802328
-433.781729
-167.512172
-370.498866
-269.674113
-270.512104
88.997703
-154.353575
-170.971201
-319.228339
-218.791091
-271.522699
-638.175386
-271.892877
-849.350896
-171.553533
5.455663
-220.218246
-179.051499
-172.593872
-171.875076
-190.558495
-224.424333
-303.119840
35.848997
-376.866366
-1721.476627
-582.847883
-225.290590
-225.650081
-378.832789
-641.558641
-275.856078
-276.279684
-585.509239
-230.166411
-667.707283
-282.455953
-747.458599
-227.999598
-2626.921800
-228.632459
-231.555743
-2159.895603
-280.077675
-282.735576
-2565.360209
-3718.420003
-298.367504
-2023.917761
-437.740817
-7661.830296
-5047.279443
-332.878149
-236.283651
-333.285580
-8574.231454
-329.573286
-296.425775
-274.249809
-284.989372
-327.557400
-299.266191
-3427.728348
-285.900797
-599.646465
-3631.383403
-287.490165
-696.015675
-330.976253
-3425.571332
-1744.889210
-587.175305
-836.232006
-1286.912009
-2591.625717
-881.736832
-2590.833218
-428.147302
-2529.999273
-2642.744219
-1381.822805
-2787.223599
-1178.521898
-3540.198953
-3544.531194
-4338.165165
-1186.722183
-1138.171998
-1386.993653
-630.925166
-1490.434913
-3938.213249
-1284.985296
-4493.806829
-6160.934636
-5352.040016
-3400.938310
-5601.785734
-3148.623382
-4746.072286
-3833.041925
-3546.711839
-2963.798676
-2856.235377
-540.924374
-5961.658515
-6459.191896
-6515.478020
-598.564134
-345.736979
-1454.074389
-10035.854885
-297.889036
-1859.688563
-11896.229405
-3162.726062
-9840.723554
-9290.545390
-3764.160714
-2461.140281
-3261.977728
-2562.206347
-9892.768846
-400.049069
-9937.220749
-4062.464314
-650.617679
-10240.050660
-237.361508
-7271.351123
-497.554668
-1205.348389
-2009.870523
-497.711533
-4113.106827
-11548.871183
-1605.143243
-4699.876971
-495.545649
-3658.027840
-1298.681171
-991.032564
-695.173491
-12100.569804
-8733.154715
-634.557379
-9033.230458
-9635.288416
-1030.819458
-7773.493186
-4836.882930
-261.048143
-1097.480110
-1314.380981
-196.754821
-200.299319
-367.222704
-212.776052
-204.304304
-4481.906031
-206.867869
-1.351672
-205.672234
-257.549725
-218.994754
-1188.446907
-208.713205
-2305.385556
-1684.909595
-1696.353333
-206.631535
-207.119716
-205.895528
-677.783818
-584.761412
-207.699993
-589.960601
-207.900367
-81.608545
-205.934910
-207.097629
-197.457310
-709.957297
-207.520238
-1539.729079
