300.000000
158.000000
45.000000
108.000000
15.000000
20.000000
43.000000
53.000000
92.000000
7.000000
33.000000
99.000000
300.000000
67.000000
9.000000
300.000000
143.000000
164.000000
39.000000
28.000000
21.000000
300.000000
300.000000
300.000000
193.000000
300.000000
300.000000
300.000000
300.000000
300.000000
300.000000
300.000000
300.000000
300.000000
300.000000
300.000000
300.000000
300.000000
300.000000
300.000000
300.000000
300.000000
300.000000
300.000000
300.000000
300.000000
300.000000
300.000000
300.000000
300.000000
300.000000
300.000000
300.000000
300.000000
300.000000
300.000000
300.000000
300.000000
300.000000
53.000000
300.000000
300.000000
31.000000
300.000000
300.000000
300.000000
300.000000
300.000000
300.000000
300.000000
25.000000
275.000000
300.000000
141.000000
300.000000
300.000000
198.000000
300.000000
300.000000
300.000000
108.000000
300.000000
180.000000
300.000000
300.000000
203.000000
300.000000
111.000000
29.000000
273.000000
300.000000
300.000000
300.000000
300.000000
300.000000
300.000000
300.000000
300.000000
300.000000
300.000000
227.000000
300.000000
300.000000
300.000000
300.000000
300.000000
300.000000
300.000000
300.000000
300.000000
300.000000
300.000000
300.000000
114.000000
300.000000
300.000000
205.000000
300.000000
300.000000
300.000000
300.000000
300.000000
300.000000
300.000000
300.000000
300.000000
300.000000
300.000000
300.000000
300.000000
300.000000
300.000000
300.000000
300.000000
284.000000
300.000000
300.000000
300.000000
300.000000
300.000000
300.000000
300.000000
53.000000
219.000000
300.000000
300.000000
300.000000
300.000000
300.000000
300.000000
300.000000
300.000000
300.000000
300.000000
300.000000
300.000000
300.000000
300.000000
300.000000
300.000000
300.000000
300.000000
300.000000
300.000000
300.000000
300.000000
300.000000
170.000000
300.000000
300.000000
300.000000
300.000000
300.000000
300.000000
300.000000
300.000000
300.000000
300.000000
300.000000
300.000000
300.000000
300.000000
300.000000
300.000000
300.000000
300.000000
300.000000
300.000000
300.000000
300.000000
300.000000
300.000000
300.000000
300.000000
300.000000
300.000000
300.000000
300.000000
300.000000
300.000000
300.000000
300.000000
300.000000
300.000000
300.000000
300.000000
300.000000
300.000000
300.000000
300.000000
300.000000
300.000000
300.000000
300.000000
300.000000
277.000000
300.000000
71.000000
300.000000
300.000000
300.000000
27.000000
300.000000
300.000000
300.000000
300.000000
97.000000
300.000000
300.000000
300.000000
172.000000
300.000000
300.000000
275.000000
300.000000
300.000000
300.000000
300.000000
159.000000
300.000000
300.000000
300.000000
300.000000
67.000000
300.000000
300.000000
102.000000
121.000000
300.000000
300.000000
