-0.826643
-0.721137
-0.718020
-0.789337
-0.748004
-0.744137
-0.717710
-0.750046
-0.697059
-0.734605
-0.723187
-0.738495
-0.727381
-0.725214
-0.752191
-0.711841
-0.760642
-0.742979
-0.735886
-0.738515
-0.737816
-0.720281
-0.741919
-0.730285
-0.732094
-0.756374
-0.750854
-0.742046
-0.754678
-0.783763
-0.727697
-0.749711
-0.757239
-0.735449
-0.762350
-0.741987
-0.747666
-0.728549
-0.761062
-0.742456
-0.726676
-0.766780
-0.744535
-0.733518
-0.721411
-0.784294
-0.723160
-0.780402
-0.758419
-0.733366
-0.767643
-0.742621
-0.745235
-0.741508
-0.795472
-0.789924
-0.726508
-0.733235
-0.764734
-0.753285
-0.737141
-0.742026
-0.770968
-0.744479
-0.725372
-0.747530
-0.746953
-0.770324
-0.745248
-0.754542
-0.720166
-0.699272
-0.758052
-0.758753
-0.736991
-0.723006
-0.745156
-0.718443
-0.719109
-0.766918
-0.743406
-0.776481
-0.743431
-0.721167
-0.763409
-0.774973
-0.733259
-0.727429
-0.736292
-0.777144
-0.743537
-0.778351
-0.751360
-0.730709
-0.728160
-0.723362
-0.750828
-0.755198
-0.731470
-0.758305
-0.762123
-0.761348
-0.739655
-0.735026
-0.748700
-0.753306
-0.740470
-0.725841
-0.745158
-0.732233
-0.744689
-0.760449
-0.738231
-0.727012
-0.749546
-0.754281
-0.748425
-0.725950
-0.762789
-0.745667
-0.733361
-0.768326
-0.746301
-0.767228
-0.747809
-0.740630
-0.724288
-0.742517
-0.751208
-0.763370
-0.761011
-0.738852
-0.750383
-0.707308
-0.737912
-0.760812
-0.731151
-0.707089
-0.772348
-0.760819
-0.736596
-0.747673
-0.742458
-0.729044
-0.747435
-0.717810
-0.773843
-0.759611
-0.746788
-0.726094
-0.744105
-0.760859
-0.739562
-0.715451
-0.762286
-0.759440
-0.706673
-0.740762
-0.764330
-0.739103
-0.724134
-0.764326
-0.711334
-0.731943
-0.728719
-0.745259
-0.761556
-0.720870
-0.750613
-0.754504
-0.743101
-0.742315
-0.704349
-0.716583
-0.753122
-0.735709
-0.727980
-0.735789
-0.776091
-0.713724
-0.762216
-0.740304
-0.760899
-0.748798
-0.734846
-0.745025
-0.759237
-0.726748
-0.763280
-0.755464
-0.754203
-0.751988
-0.725146
-0.733259
-0.755671
-0.753896
-0.727005
-0.772905
-0.750580
-0.743533
-0.763618
-0.740620
-0.740101
-0.718175
-0.781395
-0.776986
-0.769925
-0.754901
-0.752485
-0.749565
-0.771746
-0.733954
-0.751257
-0.774001
-0.742711
-0.733471
-0.739428
-0.733246
-0.761080
-0.723368
-0.718203
-0.703499
-0.759844
-0.764103
-0.742843
-0.770340
-0.771676
-0.710883
-0.714430
-0.780433
-0.785007
-0.741319
-0.729934
-0.733091
-0.734711
-0.766644
-0.727203
-0.791920
-0.736645
-0.733294
-0.740109
-0.747421
-0.728378
-0.762482
-0.731495
-0.741807
-0.740540
-0.736178
-0.761564
-0.758216
