-247.992935
-216.341042
-215.406033
-236.800956
-224.401073
-223.241189
-215.313019
-225.013672
-209.117649
-220.381486
-216.956145
-221.548600
-218.214365
-217.564087
-225.657443
-213.552433
-228.192517
-222.893612
-220.765883
-221.554523
-221.344844
-216.084338
-222.575728
-219.085370
-219.628287
-226.912163
-225.256117
-222.613758
-226.403382
-235.128847
-218.309137
-224.913269
-227.171682
-220.634656
-228.705034
-222.596070
-224.299910
-218.564588
-228.318699
-222.736765
-218.002929
-230.034000
-223.360398
-220.055399
-216.423284
-235.288223
-216.948017
-234.120681
-227.525705
-220.009670
-230.292929
-222.786449
-223.570514
-222.452355
-238.641586
-236.977145
-217.952422
-219.970643
-229.420350
-225.985360
-221.142350
-222.607912
-231.290460
-223.343818
-217.611746
-224.258885
-224.085752
-231.097060
-223.574483
-226.362539
-216.049789
-209.781602
-227.415736
-227.625946
-221.097234
-216.901667
-223.546847
-215.532929
-215.732826
-230.075515
-223.021895
-232.944315
-223.029357
-216.350036
-229.022815
-232.491921
-219.977668
-218.228685
-220.887743
-233.143159
-223.061249
-233.505180
-225.407925
-219.212778
-218.447998
-217.008616
-225.248251
-226.559406
-219.440873
-227.491433
-228.636817
-228.404272
-221.896418
-220.507731
-224.610123
-225.991893
-222.141062
-217.752167
-223.547330
-219.669827
-223.406596
-228.134693
-221.469430
-218.103621
-224.863839
-226.284251
-224.527539
-217.785076
-228.836702
-223.700134
-220.008350
-230.497730
-223.890448
-230.168254
-224.342731
-222.189022
-217.286261
-222.755027
-225.362351
-229.011092
-228.303178
-221.655491
-225.114963
-212.192339
-221.373636
-228.243709
-219.345153
-212.126727
-231.704280
-228.245697
-220.978898
-224.301922
-222.737345
-218.713105
-224.230454
-215.343146
-232.152845
-227.883333
-224.036323
-217.828107
-223.231416
-228.257700
-221.868656
-214.635366
-228.685783
-227.832144
-212.002036
-222.228454
-229.299006
-221.730978
-217.240312
-229.297669
-213.400292
-219.582866
-218.615612
-223.577690
-228.466799
-216.261100
-225.184038
-226.351230
-222.930193
-222.694441
-211.304613
-214.974965
-225.936716
-220.712758
-218.394131
-220.736705
-232.827393
-214.117255
-228.664802
-222.091197
-228.269642
-224.639325
-220.453806
-223.507635
-227.770990
-218.024415
-228.983951
-226.639235
-226.260875
-225.596304
-217.543696
-219.977569
-226.701277
-226.168702
-218.101417
-231.871577
-225.174055
-223.059971
-229.085270
-222.185891
-222.030278
-215.452482
-234.418568
-233.095893
-230.977598
-226.470393
-225.745417
-224.869631
-231.523773
-220.186336
-225.377065
-232.200280
-222.813274
-220.041376
-221.828341
-219.973920
-228.324003
-217.010485
-215.460910
-211.049813
-227.953125
-229.230879
-222.852839
-231.102105
-231.502853
-213.264998
-214.328912
-234.129890
-235.502187
-222.395814
-218.980099
-219.927265
-220.413438
-229.993084
-218.160834
-237.575992
-220.993611
-219.988309
-222.032835
-224.226437
-218.513430
-228.744675
-219.448402
-222.542063
-222.161896
-220.853458
-228.469346
-227.464881
