-250.607372
-250.571852
-250.457282
-142.486722
-86.705337
-223.204256
-215.654814
-121.875648
-201.602579
-123.163226
-78.216542
-189.736101
-97.857358
-74.766575
-104.046030
-171.629829
-183.624919
-50.779496
-122.069013
-198.077100
-181.867746
-200.945986
-141.719975
-70.756983
-78.003904
-61.914326
-192.864357
-208.834195
-42.609104
-69.778940
-89.914105
-36.341407
-81.964172
-174.834176
-250.485402
-61.551132
-104.410106
-210.020643
-40.467097
-52.711172
-156.501577
-79.487999
-70.824280
-48.108680
-123.828817
-250.247365
-160.289126
-38.696043
-52.112908
-56.715645
-49.596334
-243.777182
-128.607602
-109.858036
-42.687305
-45.754652
-103.117325
-156.471095
-250.127663
-65.603342
-29.241975
-173.346702
-186.823345
-80.588062
-104.629093
-93.525205
-204.964082
-196.547263
-44.860254
-65.341179
-48.156964
-205.175397
-72.832554
-54.564617
-250.312437
-57.780798
-51.246325
-90.087637
-199.641380
-145.631772
-48.791644
-179.866670
-44.851956
-89.777538
-55.751903
-33.659989
-106.004477
-41.305469
-99.062859
-121.091913
-57.094655
-57.008363
-81.924572
-48.052682
-58.689954
-26.037305
-41.958824
-40.713252
-98.762486
-37.754552
-98.785713
-122.439230
-110.545635
-16.217329
-127.473348
-68.121676
-43.807633
-95.264576
-55.811143
-89.338860
-118.431683
-107.149017
-211.961473
-250.353162
-39.551918
-32.396399
-95.788369
-34.336128
-40.177452
-137.285464
-54.350931
-82.656110
-116.943493
-84.349526
-16.031322
-61.654751
-40.581050
-80.238685
-64.541775
-53.414210
-79.022162
-35.242849
-62.062991
-77.961241
-60.712135
-39.866258
-59.736564
-109.028660
-25.404653
-87.085338
-81.207794
-82.589358
-156.994018
-92.165139
-97.634787
-111.949922
-14.351985
-118.065810
-49.461972
-119.880196
-68.465950
-100.695097
-31.641743
-108.695927
-30.804072
-104.152896
-109.218581
-51.239303
-97.340276
-37.018090
-97.136520
-94.196183
-102.394649
-38.956984
-86.987624
-89.202836
-33.512820
-30.752753
-81.462310
-70.774835
-29.764845
-122.375761
-111.100662
-137.598553
-35.559307
-107.273283
-111.339768
-71.485859
-47.460353
-68.837970
-28.068963
-82.966567
-71.275978
-28.087475
-99.016321
-86.541995
-100.880482
-36.207074
-34.334136
-206.808818
-52.218464
-45.398314
-94.179332
-120.578212
-82.714663
-118.510882
-36.264436
-36.606763
-94.512471
-72.405471
-44.304980
-72.409418
-91.644752
-106.937102
-40.270787
-52.790578
-85.667047
-76.427035
-114.995506
-27.387994
-78.909849
-91.760800
-34.231327
-81.553715
-36.435670
-66.634445
-116.424027
-62.085114
-35.404735
-79.939936
-71.412336
-121.401505
-118.105850
-52.081549
-64.066808
-38.474018
-95.298003
-38.981828
-88.477768
-46.507726
-48.906943
-90.291923
-88.168504
-52.195348
-59.377155
-33.136827
-33.060116
-31.952087
-39.636809
-117.862971
-128.831404
-43.219514
-28.995569
-41.306524
-34.827886
-91.611538
-79.046223
-82.026829
-132.547670
-35.055518
-36.564993
-98.942077
-170.199989
-43.347264
-81.656791
-104.094419
-38.915483
-24.346939
-76.304679
-41.647462
-29.163303
-40.540383
-80.506746
-71.986177
-74.416824
-29.084177
-32.476338
-86.964371
-68.875769
-85.233122
-48.920255
-78.313825
-141.756729
-33.103827
-48.447857
-116.027110
-62.737163
-55.811578
-32.598647
-87.462371
-119.308081
-51.824032
-95.949013
-94.129871
-95.912823
-71.383326
-75.227722
-61.718405
-90.519134
-28.822142
-30.518194
-115.875432
-124.671989
-120.288733
-95.011675
-83.925105
-34.559512
-90.440078
-68.194335
-107.144421
-92.943530
-54.425781
-109.009727
-95.028485
-89.215867
-55.926821
-32.056001
-39.859993
-76.282059
-62.368454
-90.247932
-29.513964
-50.160768
-78.125723
-95.091172
-74.330537
-37.334560
-35.216101
-47.456811
-46.044343
-48.324235
-36.675157
-46.774552
-77.162235
-76.410471
-37.599351
-73.199576
-31.427136
-74.798274
-34.772042
-117.024301
-36.346695
-40.150193
-29.736511
-80.235481
-95.435874
-125.305237
-32.104584
-39.690826
-108.850708
-44.124350
-94.059986
-32.050307
-69.861312
-63.604584
-21.758028
-46.535539
-20.629232
-64.229493
-50.133034
-85.789560
-35.095522
-46.503028
-45.819778
-83.505337
-42.924635
-26.927126
-48.189343
-64.695680
-64.938159
-82.057320
-41.290695
-35.517603
-35.136767
-47.179091
-79.000450
-36.672826
-43.712721
-81.243606
-35.405939
-30.217384
-35.046823
-32.474691
-63.959110
-36.395905
-40.467464
-28.525417
-43.016454
-35.833403
-20.847908
-58.084313
-29.847207
-66.609890
-31.297444
-57.954335
-48.390073
-49.669514
-27.839445
-27.226711
-53.325573
-25.000284
-32.495866
-27.963809
-54.897980
-39.302842
-40.484006
-32.201588
-32.510781
-39.194536
-38.036260
-35.401583
-49.492754
-24.171897
-45.410179
-33.816948
-48.078919
-44.946952
-31.794148
-30.628620
-44.157314
-37.164823
-38.058073
-42.653062
-28.299110
-99.882913
-36.629095
-36.279424
-27.288611
-47.934634
-46.300012
-30.544070
-36.117629
-49.279853
-58.960696
-58.673331
-37.492941
-43.549488
-37.273038
-30.378819
-35.247654
-48.231484
-29.061939
-37.701553
-34.734392
-30.298045
-36.429776
-42.230998
-42.518481
-40.040601
-33.731912
-45.044926
-60.135282
-57.871198
-32.088022
-39.886442
-38.480629
-51.246060
-40.814364
-37.080235
-39.344700
-40.125234
-39.302025
-48.133086
-33.836936
-52.764043
-38.189319
-45.199148
-41.902699
-29.947748
-28.335731
-47.109346
-56.291092
-48.832246
-28.203493
-39.801111
-53.859884
-40.924295
-27.693600
-37.476256
-67.532869
-35.215031
-36.119763
-39.239397
-36.894013
-33.268663
-33.904816
-37.180735
-31.110856
-40.264159
-26.289312
-30.134958
-38.205345
-63.253601
-29.895128
-63.767521
-49.868495
-22.517802
-39.106186
-29.938843
-29.189907
-40.158414
-44.131668
-20.666499
-30.005877
-39.475640
-37.304055
-39.536359
-34.524074
-25.601456
-30.224729
