390.000000
307.000000
497.000000
500.000000
500.000000
500.000000
500.000000
500.000000
500.000000
500.000000
500.000000
500.000000
500.000000
500.000000
500.000000
500.000000
500.000000
500.000000
500.000000
500.000000
500.000000
500.000000
500.000000
500.000000
500.000000
500.000000
500.000000
500.000000
500.000000
500.000000
500.000000
500.000000
500.000000
500.000000
454.000000
500.000000
500.000000
500.000000
500.000000
500.000000
500.000000
500.000000
500.000000
500.000000
500.000000
494.000000
500.000000
500.000000
500.000000
500.000000
500.000000
500.000000
500.000000
500.000000
500.000000
500.000000
500.000000
500.000000
430.000000
500.000000
500.000000
500.000000
500.000000
500.000000
500.000000
500.000000
500.000000
500.000000
500.000000
500.000000
500.000000
500.000000
500.000000
500.000000
434.000000
500.000000
500.000000
500.000000
500.000000
500.000000
500.000000
500.000000
500.000000
500.000000
500.000000
500.000000
500.000000
500.000000
500.000000
500.000000
500.000000
500.000000
500.000000
500.000000
500.000000
500.000000
500.000000
500.000000
500.000000
429.000000
500.000000
500.000000
500.000000
118.000000
500.000000
500.000000
500.000000
500.000000
500.000000
500.000000
500.000000
500.000000
500.000000
476.000000
500.000000
500.000000
500.000000
500.000000
500.000000
500.000000
500.000000
500.000000
500.000000
500.000000
134.000000
500.000000
500.000000
500.000000
500.000000
500.000000
500.000000
500.000000
500.000000
500.000000
500.000000
500.000000
500.000000
500.000000
500.000000
500.000000
500.000000
500.000000
500.000000
500.000000
500.000000
500.000000
145.000000
500.000000
500.000000
500.000000
500.000000
500.000000
500.000000
500.000000
500.000000
500.000000
500.000000
500.000000
500.000000
500.000000
500.000000
500.000000
500.000000
500.000000
500.000000
500.000000
470.000000
500.000000
500.000000
500.000000
500.000000
500.000000
500.000000
500.000000
500.000000
500.000000
500.000000
500.000000
500.000000
500.000000
500.000000
500.000000
500.000000
500.000000
500.000000
500.000000
500.000000
500.000000
500.000000
500.000000
500.000000
500.000000
500.000000
500.000000
500.000000
500.000000
500.000000
500.000000
500.000000
500.000000
500.000000
500.000000
500.000000
500.000000
500.000000
500.000000
500.000000
500.000000
500.000000
500.000000
500.000000
500.000000
500.000000
500.000000
500.000000
500.000000
500.000000
500.000000
500.000000
500.000000
500.000000
500.000000
500.000000
500.000000
500.000000
500.000000
500.000000
500.000000
500.000000
500.000000
500.000000
500.000000
500.000000
500.000000
500.000000
500.000000
500.000000
500.000000
500.000000
500.000000
500.000000
500.000000
500.000000
500.000000
500.000000
500.000000
500.000000
500.000000
500.000000
500.000000
500.000000
500.000000
500.000000
500.000000
500.000000
500.000000
500.000000
500.000000
500.000000
500.000000
500.000000
500.000000
500.000000
500.000000
500.000000
500.000000
500.000000
500.000000
500.000000
500.000000
500.000000
500.000000
500.000000
500.000000
500.000000
500.000000
500.000000
500.000000
500.000000
500.000000
500.000000
500.000000
500.000000
500.000000
500.000000
500.000000
500.000000
500.000000
500.000000
500.000000
500.000000
500.000000
500.000000
500.000000
500.000000
500.000000
500.000000
500.000000
500.000000
500.000000
500.000000
500.000000
500.000000
500.000000
500.000000
500.000000
500.000000
500.000000
500.000000
500.000000
500.000000
500.000000
500.000000
500.000000
500.000000
500.000000
500.000000
500.000000
500.000000
500.000000
500.000000
500.000000
500.000000
500.000000
500.000000
500.000000
500.000000
500.000000
500.000000
500.000000
500.000000
500.000000
500.000000
500.000000
500.000000
500.000000
500.000000
500.000000
500.000000
500.000000
500.000000
500.000000
500.000000
500.000000
500.000000
500.000000
500.000000
500.000000
500.000000
500.000000
500.000000
500.000000
500.000000
500.000000
500.000000
500.000000
225.000000
500.000000
500.000000
500.000000
500.000000
500.000000
500.000000
500.000000
500.000000
500.000000
500.000000
500.000000
500.000000
500.000000
500.000000
500.000000
500.000000
500.000000
500.000000
500.000000
500.000000
500.000000
500.000000
500.000000
500.000000
500.000000
500.000000
500.000000
500.000000
500.000000
500.000000
429.000000
500.000000
500.000000
500.000000
500.000000
500.000000
500.000000
500.000000
500.000000
500.000000
500.000000
500.000000
500.000000
500.000000
500.000000
500.000000
500.000000
500.000000
500.000000
500.000000
500.000000
500.000000
500.000000
500.000000
500.000000
500.000000
500.000000
500.000000
500.000000
500.000000
500.000000
500.000000
500.000000
500.000000
500.000000
500.000000
500.000000
500.000000
500.000000
500.000000
500.000000
500.000000
500.000000
500.000000
500.000000
500.000000
500.000000
500.000000
500.000000
500.000000
500.000000
500.000000
500.000000
500.000000
500.000000
500.000000
500.000000
500.000000
500.000000
500.000000
500.000000
500.000000
500.000000
500.000000
500.000000
500.000000
500.000000
500.000000
500.000000
500.000000
500.000000
500.000000
500.000000
500.000000
500.000000
500.000000
500.000000
500.000000
500.000000
500.000000
500.000000
500.000000
500.000000
500.000000
500.000000
500.000000
500.000000
500.000000
500.000000
500.000000
500.000000
500.000000
500.000000
500.000000
500.000000
500.000000
500.000000
500.000000
500.000000
356.000000
500.000000
500.000000
500.000000
500.000000
500.000000
248.000000
500.000000
500.000000
500.000000
500.000000
500.000000
500.000000
500.000000
