-0.642583
-0.816195
-0.503938
-0.284973
-0.173411
-0.446409
-0.431310
-0.243751
-0.403205
-0.246326
-0.156433
-0.379472
-0.195715
-0.149533
-0.208092
-0.343260
-0.367250
-0.101559
-0.244138
-0.396154
-0.363735
-0.401892
-0.283440
-0.141514
-0.156008
-0.123829
-0.385729
-0.417668
-0.085218
-0.139558
-0.179828
-0.072683
-0.163928
-0.349668
-0.551730
-0.123102
-0.208820
-0.420041
-0.080934
-0.105422
-0.313003
-0.158976
-0.141649
-0.096217
-0.247658
-0.506574
-0.320578
-0.077392
-0.104226
-0.113431
-0.099193
-0.487554
-0.257215
-0.219716
-0.085375
-0.091509
-0.206235
-0.312942
-0.581692
-0.131207
-0.058484
-0.346693
-0.373647
-0.161176
-0.209258
-0.187050
-0.409928
-0.393095
-0.089721
-0.130682
-0.096314
-0.410351
-0.145665
-0.109129
-0.576757
-0.115562
-0.102493
-0.180175
-0.399283
-0.291264
-0.097583
-0.359733
-0.089704
-0.179555
-0.111504
-0.067320
-0.212009
-0.082611
-0.198126
-0.242184
-0.114189
-0.114017
-0.163849
-0.096105
-0.117380
-0.052075
-0.083918
-0.081427
-0.197525
-0.088006
-0.197571
-0.244878
-0.221091
-0.137435
-0.254947
-0.136243
-0.087615
-0.190529
-0.111622
-0.178678
-0.236863
-0.214298
-0.423923
-0.525952
-0.079104
-0.064793
-0.191577
-0.068672
-0.080355
-0.274571
-0.108702
-0.165312
-0.233887
-0.168699
-0.119637
-0.123310
-0.081162
-0.160477
-0.129084
-0.106828
-0.158044
-0.070486
-0.124126
-0.155922
-0.121424
-0.079733
-0.119473
-0.218057
-0.050809
-0.174171
-0.162416
-0.165179
-0.313988
-0.184330
-0.195270
-0.223900
-0.098979
-0.236132
-0.098924
-0.239760
-0.136932
-0.201390
-0.063283
-0.217392
-0.061608
-0.208306
-0.218437
-0.102479
-0.194681
-0.074036
-0.194273
-0.188392
-0.204789
-0.077914
-0.173975
-0.178406
-0.071304
-0.061506
-0.162925
-0.141550
-0.059530
-0.244752
-0.222201
-0.275197
-0.071119
-0.214547
-0.222680
-0.142972
-0.094921
-0.137676
-0.056138
-0.165933
-0.142552
-0.056175
-0.198033
-0.173084
-0.201761
-0.072414
-0.068668
-0.413618
-0.104437
-0.090797
-0.188359
-0.241156
-0.165429
-0.237022
-0.072529
-0.073214
-0.189025
-0.144811
-0.088610
-0.144819
-0.183290
-0.213874
-0.080542
-0.105581
-0.171334
-0.152854
-0.229991
-0.054776
-0.157820
-0.183522
-0.068463
-0.163107
-0.072871
-0.133269
-0.232848
-0.124170
-0.070809
-0.159880
-0.142825
-0.242803
-0.236212
-0.104163
-0.128134
-0.076948
-0.190596
-0.077964
-0.176956
-0.093015
-0.097814
-0.180584
-0.176337
-0.104391
-0.118754
-0.066274
-0.066120
-0.063904
-0.079274
-0.235726
-0.257663
-0.086439
-0.057991
-0.082613
-0.069656
-0.183223
-0.158092
-0.164054
-0.265095
-0.070111
-0.073130
-0.197884
-0.340400
-0.086695
-0.163314
-0.208189
-0.077831
-0.048694
-0.152609
-0.083295
-0.058327
-0.081081
-0.161013
-0.143972
-0.148834
-0.058168
-0.064953
-0.173929
-0.137752
-0.170466
-0.097841
-0.156628
-0.283513
-0.066208
-0.096896
-0.232054
-0.125474
-0.111623
-0.065197
-0.174925
-0.238616
-0.103648
-0.191898
-0.188260
-0.191826
-0.142767
-0.150455
-0.123437
-0.181038
-0.057644
-0.061036
-0.231751
-0.249344
-0.240577
-0.190023
-0.167850
-0.069119
-0.180880
-0.136389
-0.214289
-0.185887
-0.108852
-0.218019
-0.190057
-0.178432
-0.111854
-0.064112
-0.079720
-0.152564
-0.124737
-0.180496
-0.059028
-0.100322
-0.156251
-0.190182
-0.148661
-0.074669
-0.070432
-0.094914
-0.092089
-0.096648
-0.073350
-0.093549
-0.154324
-0.152821
-0.075199
-0.146399
-0.062854
-0.149597
-0.069544
-0.234049
-0.072693
-0.080300
-0.059473
-0.160471
-0.190872
-0.250610
-0.064209
-0.079382
-0.217701
-0.088249
-0.188120
-0.064101
-0.139723
-0.127209
-0.043516
-0.093071
-0.041258
-0.128459
-0.100266
-0.171579
-0.070191
-0.093006
-0.091640
-0.167011
-0.085849
-0.119676
-0.096379
-0.129391
-0.129876
-0.164115
-0.082581
-0.071035
-0.070274
-0.094358
-0.158001
-0.073346
-0.087425
-0.162487
-0.070812
-0.060435
-0.070094
-0.064949
-0.127918
-0.072792
-0.080935
-0.057051
-0.086033
-0.071667
-0.041696
-0.116169
-0.059694
-0.133220
-0.062595
-0.115909
-0.096780
-0.099339
-0.064894
-0.054453
-0.106651
-0.050001
-0.064992
-0.055928
-0.109796
-0.078606
-0.080968
-0.064403
-0.065022
-0.078389
-0.076073
-0.070803
-0.098986
-0.048344
-0.090820
-0.067634
-0.096158
-0.089894
-0.063588
-0.061257
-0.088315
-0.074330
-0.076116
-0.085306
-0.056598
-0.199766
-0.073258
-0.072559
-0.054577
-0.095869
-0.092600
-0.061088
-0.072235
-0.098560
-0.117921
-0.117347
-0.074986
-0.087099
-0.074546
-0.060758
-0.070495
-0.096463
-0.058124
-0.075403
-0.069469
-0.060596
-0.072860
-0.084462
-0.085037
-0.080081
-0.067464
-0.090090
-0.120271
-0.115742
-0.064176
-0.079773
-0.076961
-0.102492
-0.081629
-0.074160
-0.078689
-0.080250
-0.078604
-0.096266
-0.067674
-0.105528
-0.076379
-0.090398
-0.083805
-0.059895
-0.056671
-0.094219
-0.112582
-0.097664
-0.056407
-0.079602
-0.107720
-0.081849
-0.055387
-0.074953
-0.135066
-0.070430
-0.072240
-0.078479
-0.073788
-0.066537
-0.067810
-0.074361
-0.062222
-0.080528
-0.052579
-0.060270
-0.076411
-0.126507
-0.059790
-0.127535
-0.099737
-0.063252
-0.078212
-0.059878
-0.058380
-0.080317
-0.088263
-0.083333
-0.060012
-0.078951
-0.074608
-0.079073
-0.069048
-0.051203
-0.060449
